502 264
546 264
546 265
786 265
786 264
845 264
845 265
1072 265
1072 264
1159 264
1159 265
1357 265
1357 264
1475 264
1475 265
1518 265
1518 381
1519 381
1519 666
1520 666
1520 892
1519 892
1519 943
1357 943
1357 944
1352 944
1352 943
196 943
196 665
195 665
195 266
215 266
215 265
502 265

195 996
537 996
537 1041
546 1041
546 1058
507 1058
507 1096
196 1096
196 1062
195 1062

1560 266
2077 266
2077 300
1560 300

1610 319
2170 319
2170 371
2171 371
2171 423
2172 423
2172 476
2178 476
2178 509
2171 509
2171 580
2172 580
2172 626
2170 626
2170 684
2171 684
2171 736
2173 736
2173 783
2171 783
2171 892
2173 892
2173 939
2171 939
2171 992
2170 992
2170 1065
2174 1065
2174 1096
2172 1096
2172 1154
2179 1154
2179 1188
2086 1188
2086 1252
1211 1252
1211 1136
1209 1136
1209 1101
1210 1101
1210 1049
1212 1049
1212 997
1562 997
1562 927
1559 927
1559 892
1561 892
1561 371
1610 371

656 997
1157 997
1157 1205
1158 1205
1158 1251
1157 1251
1157 1310
1158 1310
1158 1344
1157 1344
1157 1466
1158 1466
1158 1513
1022 1513
1022 1564
198 1564
198 1513
196 1513
196 1466
197 1466
197 1414
198 1414
198 1303
197 1303
197 1251
196 1251
196 1154
656 1154

1262 1258
2174 1258
2174 1304
2173 1304
2173 1415
2180 1415
2180 1448
2173 1448
2173 1519
2174 1519
2174 1570
2175 1570
2175 1668
2174 1668
2174 1720
1654 1720
1654 1773
1213 1773
1213 1512
1212 1512
1212 1408
1211 1408
1211 1377
1214 1377
1214 1310
1262 1310

1263 1778
2174 1778
2174 1830
2175 1830
2175 1929
2174 1929
2174 2039
2181 2039
2181 2072
2175 2072
2175 2143
2177 2143
2177 2189
2174 2189
2174 2262
2177 2262
2177 2293
2175 2293
2175 2404
2178 2404
2178 2450
2177 2450
2177 2502
2176 2502
2176 2607
1363 2607
1363 2659
1215 2659
1215 2346
1214 2346
1214 2085
1213 2085
1213 1987
1214 1987
1214 1833
1263 1833

247 1571
1159 1571
1159 1617
1158 1617
1158 1726
1159 1726
1159 1779
1160 1779
1160 1825
1159 1825
1159 1883
1166 1883
1166 1916
1160 1916
1160 2022
1159 2022
1159 2091
1160 2091
1160 2190
847 2190
847 2242
200 2242
200 2190
199 2190
199 2144
200 2144
200 2085
199 2085
199 2022
198 2022
198 1987
199 1987
199 1877
198 1877
198 1720
196 1720
196 1690
200 1690
200 1624
247 1624

249 2250
1161 2250
1161 2294
1160 2294
1160 2352
1161 2352
1161 2503
1160 2503
1160 2543
945 2543
945 2607
200 2607
200 2301
249 2301

250 2613
1161 2613
1161 2647
1160 2647
1160 2717
1162 2717
1162 2821
1163 2821
1163 3030
1164 3030
1164 3077
201 3077
201 2919
200 2919
200 2874
201 2874
201 2816
200 2816
200 2769
201 2769
201 2679
250 2679

1217 2716
1599 2716
1599 2751
1217 2751

1214 2769
2177 2769
2177 2809
2176 2809
2176 2941
2179 2941
2179 2972
2178 2972
2178 3023
2177 3023
2177 3077
1218 3077
1218 3023
1217 3023
1217 2960
1214 2960
1214 2926
1215 2926
1215 2809
1214 2809

1378 3163
2076 3163
2076 3185
1378 3185

2126 3155
2170 3155
2170 3179
2126 3179

2239 2989
2254 2989
2254 2997
2239 2997

