292 446
1360 446
1360 438
2004 438
2004 706
2014 706
2014 804
2006 804
2006 1666
1316 1666
1316 1678
292 1678

761 1722
1560 1722
1560 1801
1697 1801
1697 1918
1701 1918
1701 1960
1779 1960
1779 2006
1521 2006
1521 2085
1407 2085
1407 2165
913 2165
913 2086
799 2086
799 2007
538 2007
538 1960
619 1960
619 1848
611 1848
611 1801
761 1801

130 2571
308 2571
308 2748
306 2748
306 2749
302 2749
302 2750
202 2750
202 2751
163 2751
163 2750
131 2750
131 2749
129 2749
129 2620
128 2620
128 2598
129 2598
129 2573
130 2573

334 2569
2188 2569
2188 2625
2186 2625
2186 2707
2187 2707
2187 2834
2186 2834
2186 2901
1949 2901
1949 2971
129 2971
129 2916
132 2916
132 2778
336 2778
336 2694
335 2694
335 2625
334 2625

182 3040
693 3040
693 3075
182 3075

1481 3039
2187 3039
2187 3070
1481 3070

130 3040
166 3040
166 3066
130 3066

