0 0
2208 0
2208 78
0 78

102 251
941 251
941 269
102 269

435 1199
435 1230
119 1230
119 1199

874 1998
874 2038
123 2038
123 1998

842 2048
842 2089
122 2089
122 2048

876 2148
876 2539
84 2539
84 2148

2067 898
2067 989
1100 989
1100 898

1099 1054
2071 1054
2071 1707
1099 1707

1100 1728
2073 1728
2073 1733
1100 1733

928 2008
2074 2008
2074 2857
928 2857

929 2878
2079 2878
2079 2882
929 2882

2075 3104
2075 3134
1891 3134
1891 3104

2208 3091
2208 3141
2112 3141
2112 3091

80 348
80 830
2068 830
2068 348

81 898
1045 898
1045 939
1044 939
1044 998
1045 998
1045 1139
467 1139
467 1189
82 1189
82 1139
81 1139
81 989
80 989
80 948
81 948

121 1299
1045 1299
1045 1348
1048 1348
1048 1388
1047 1388
1047 1439
1045 1439
1045 1498
1047 1498
1047 1588
691 1588
691 1639
156 1639
156 1598
157 1598
157 1538
156 1538
156 1330
121 1330

122 1648
1047 1648
1047 1789
1046 1789
1046 1848
1048 1848
1048 1889
1047 1889
1047 1938
734 1938
734 1989
158 1989
158 1889
157 1889
157 1848
158 1848
158 1789
157 1789
157 1680
122 1680

121 2548
876 2548
876 2598
877 2598
877 2639
876 2639
876 2698
877 2698
877 2899
878 2899
878 2937
877 2937
877 2980
734 2980
734 3040
86 3040
86 2990
85 2990
85 2948
86 2948
86 2789
85 2789
85 2749
86 2749
86 2698
88 2698
88 2639
86 2639
86 2599
121 2599

931 2902
2017 2902
2017 2928
1994 2928
1994 2987
1287 2987
1287 3029
931 3029
931 2987
930 2987
930 2952
931 2952

1103 1753
1983 1753
1983 1802
1985 1802
1985 1854
2064 1854
2064 1885
1312 1885
1312 1929
1103 1929
1103 1886
1101 1886
1101 1853
1103 1853

104 294
937 294
937 324
104 324

