205 395
1065 395
1065 482
205 482

1078 379
1079 379
1079 510
1103 510
1103 511
2263 511
2263 512
1418 512
1418 511
808 511
808 512
781 512
781 513
780 513
780 512
177 512
177 678
176 678
176 920
177 920
177 1198
176 1198
176 1599
175 1599
175 2693
174 2693
174 2851
175 2851
175 2923
176 2923
176 2999
175 2999
175 3057
175 3055
174 3055
174 2516
173 2516
174 2516
174 1750
175 1750
175 1285
176 1285
176 919
175 919
175 525
176 525
176 511
809 511
809 510
1078 510

201 672
780 672
780 707
740 707
740 792
789 792
789 812
735 812
735 905
747 905
747 949
765 949
765 969
667 969
667 1032
202 1032
202 929
201 929
201 778
202 778
202 719
201 719

252 1928
749 1928
749 1953
742 1953
742 2014
693 2014
693 2078
662 2078
662 2135
1151 2135
1151 2202
1162 2202
1162 2221
1157 2221
1157 2272
1125 2272
1125 2326
747 2326
747 2391
199 2391
199 2338
198 2338
198 2291
200 2291
200 2233
199 2233
199 2187
200 2187
200 2033
201 2033
201 1994
252 1994

253 1352
715 1352
715 1420
746 1420
746 1458
757 1458
757 1491
684 1491
684 1576
715 1576
715 1595
688 1595
688 1665
732 1665
732 1739
742 1739
742 1742
737 1742
737 1804
701 1804
701 1857
587 1857
587 1921
200 1921
200 1875
201 1875
201 1710
200 1710
200 1665
201 1665
201 1458
202 1458
202 1419
253 1419

886 1354
1168 1354
1168 1499
1167 1499
1167 1542
1168 1542
1168 1611
1167 1611
1167 1686
1166 1686
1166 1729
1167 1729
1167 1761
1166 1761
1166 1804
1167 1804
1167 1874
1166 1874
1166 2064
848 2064
848 2019
846 2019
846 1980
829 1980
829 1956
838 1956
838 1904
830 1904
830 1867
823 1867
823 1838
804 1838
804 1813
830 1813
830 1753
827 1753
827 1715
815 1715
815 1691
868 1691
868 1641
809 1641
809 1604
799 1604
799 1580
903 1580
903 1529
879 1529
879 1507
898 1507
898 1454
803 1454
803 1430
841 1430
841 1391
886 1391

798 682
798 1296
2198 1296
2198 682

1221 1408
1843 1408
1843 1468
1848 1468
1848 1501
1211 1501
1211 1461
1221 1461

1221 1509
2106 1509
2106 1542
2100 1542
2100 1613
2156 1613
2156 1647
2104 1647
2104 1731
2107 1731
2107 1784
2128 1784
2128 1816
2090 1816
2090 1874
2140 1874
2140 1908
2120 1908
2120 1980
2173 1980
2173 2013
2158 2013
2158 2066
1823 2066
1823 2130
1221 2130
1221 1717
1222 1717
1222 1659
1220 1659
1220 1613
1221 1613

1271 2138
2126 2138
2126 2202
2143 2202
2143 2239
2164 2239
2164 2291
2166 2291
2166 2344
2168 2344
2168 2378
2131 2378
2131 2443
2126 2443
2126 2483
2083 2483
2083 2557
2147 2557
2147 2621
2166 2621
2166 2652
1764 2652
1764 2703
1220 2703
1220 2652
1219 2652
1219 2607
1220 2607
1220 2291
1221 2291
1221 2233
1219 2233
1219 2202
1271 2202

1269 2710
2155 2710
2155 2744
2119 2744
2119 2816
2163 2816
2163 2847
2122 2847
2122 2933
2126 2933
2126 2952
2103 2952
2103 3038
2112 3038
2112 3069
1218 3069
1218 3023
1220 3023
1220 2860
1219 2860
1219 2816
1220 2816
1220 2765
1269 2765

251 2396
1139 2396
1139 2464
1158 2464
1158 2483
1100 2483
1100 2566
1132 2566
1132 2588
1071 2588
1071 2658
1140 2658
1140 2704
1094 2704
1094 2756
200 2756
200 2494
199 2494
199 2449
251 2449

251 2762
1161 2762
1161 2807
1029 2807
1029 2865
1137 2865
1137 2900
1106 2900
1106 2985
1119 2985
1119 3017
456 3017
456 3058
201 3058
201 3018
200 3018
200 2971
201 2971
201 2905
200 2905
200 2814
251 2814

203 3150
245 3150
245 3175
203 3175

293 3158
991 3158
991 3179
293 3179

