94 211
758 211
758 295
757 295
757 355
758 355
758 488
757 488
757 536
756 536
756 605
759 605
759 633
757 633
757 680
756 680
756 775
755 775
755 824
635 824
635 872
94 872
94 643
95 643
95 585
94 585
94 547
95 547
95 488
94 488
94 392
93 392
93 355
94 355

139 882
756 882
756 932
759 932
759 960
755 960
755 1206
754 1206
754 1316
755 1316
755 1352
754 1352
754 1459
755 1459
755 1497
754 1497
754 1545
752 1545
752 1605
754 1605
754 1642
752 1642
752 1701
754 1701
754 1749
755 1749
755 1786
548 1786
548 1833
90 1833
90 1605
91 1605
91 1556
92 1556
92 1411
93 1411
93 1352
92 1352
92 1316
93 1316
93 1220
94 1220
94 1056
92 1056
92 1028
93 1028
93 980
94 980
94 940
139 940

139 1844
753 1844
753 1892
754 1892
754 1977
753 1977
753 2074
751 2074
751 2181
752 2181
752 2218
751 2218
751 2278
752 2278
752 2312
751 2312
751 2372
752 2372
752 2410
751 2410
751 2505
750 2505
750 2612
751 2612
751 2651
750 2651
750 2757
751 2757
751 2786
626 2786
626 2843
84 2843
84 2757
85 2757
85 2698
84 2698
84 2661
85 2661
85 2468
86 2468
86 2278
87 2278
87 2181
88 2181
88 2037
89 2037
89 1895
139 1895

134 2853
749 2853
749 2938
748 2938
748 3044
750 3044
750 3081
84 3081
84 3034
83 3034
83 2901
134 2901

809 931
1478 931
1478 1241
1477 1285
1477 1400
1176 1400
1176 1448
808 1448
808 1363
809 1363
809 1172
810 1172
810 1065
809 1065
809 1028
810 1028
810 969
809 969

811 270
1446 270
1446 320
1367 320
1367 429
1394 429
1394 489
1460 489
1460 572
1473 572
1473 609
1194 609
1194 679
813 679
813 620
812 620
812 545
811 545
811 491
814 491
814 404
813 404
813 328
811 328

1728 272
2024 272
2024 380
2181 380
2181 459
1734 459
1734 348
1728 348

1734 211
2186 211
2186 239
1734 239

1730 528
2135 528
2135 566
2137 566
2137 589
2129 589
2129 641
2196 641
2196 686
2199 686
2199 701
2124 701
2124 753
2158 753
2158 790
2160 790
2160 814
1912 814
1912 859
1730 859
1730 753
1731 753
1731 560
1730 560

1779 866
2144 866
2144 896
2114 896
2114 949
2160 949
2160 979
2176 979
2176 1002
2133 1002
2133 1054
2183 1054
2183 1100
2190 1100
2190 1123
2155 1123
2155 1153
2143 1153
2143 1191
2017 1191
2017 1228
1730 1228
1730 1196
1729 1196
1729 1167
1730 1167
1730 1048
1729 1048
1729 903
1779 903

1780 1242
2142 1242
2142 1265
2120 1265
2120 1317
2146 1317
2146 1354
2158 1354
2158 1377
2152 1377
2152 1429
2208 1429
2208 1452
2205 1452
2205 1496
2173 1496
2173 1528
2141 1528
2141 1581
2205 1581
2205 1604
2187 1604
2187 1664
2199 1664
2199 1680
1849 1680
1849 1724
1727 1724
1727 1656
1728 1656
1728 1612
1727 1612
1727 1543
1729 1543
1729 1498
1728 1498
1728 1391
1729 1391
1729 1279
1780 1279

1779 1733
2150 1733
2150 1762
2149 1762
2149 1825
2153 1825
2153 1836
1728 1836
1728 1800
1726 1800
1726 1776
1779 1776

1777 1843
2196 1843
2196 1866
2177 1866
2177 1904
2162 1904
2162 1940
2158 1940
2158 2001
2164 2001
2164 2016
2139 2016
2139 2069
2158 2069
2158 2092
2139 2092
2139 2137
1916 2137
1916 2168
1725 2168
1725 2144
1726 2144
1726 2107
1727 2107
1727 2055
1726 2055
1726 2030
1727 2030
1727 1881
1777 1881

1776 2182
2163 2182
2163 2205
2132 2205
2132 2257
2173 2257
2173 2295
2190 2295
2190 2318
2135 2318
2135 2377
2143 2377
2143 2409
2177 2409
2177 2430
2140 2430
2140 2467
2119 2467
2119 2526
2153 2526
2153 2547
1869 2547
1869 2580
1725 2580
1725 2556
1726 2556
1726 2401
1724 2401
1724 2369
1725 2369
1725 2257
1726 2257
1726 2224
1776 2224

1775 2594
2160 2594
2160 2625
2129 2625
2129 2663
2128 2663
2128 2694
2104 2694
2104 2746
2105 2746
2105 2791
2128 2791
2128 2821
2154 2821
2154 2844
2132 2844
2132 2896
2179 2896
2179 2918
2123 2918
2123 2964
2121 2964
2121 3008
2189 3008
2189 3030
2156 3030
2156 3076
1724 3076
1724 3038
1723 3038
1723 2933
1724 2933
1724 2708
1725 2708
1725 2632
1775 2632

1285 3151
2134 3151
2134 3168
1285 3168

2167 3145
2201 3145
2201 3167
2167 3167

856 2373
1475 2373
1475 2420
1476 2420
1476 2458
1475 2458
1475 2505
1473 2505
1473 2564
1474 2564
1474 2612
1475 2612
1475 2651
1474 2651
1474 2758
1477 2758
1477 2785
1473 2785
1473 2844
1342 2844
1342 2882
802 2882
802 2854
804 2854
804 2612
805 2612
805 2469
806 2469
806 2420
856 2420

803 2990
1370 2990
1370 3010
1331 3010
1331 3058
1338 3058
1338 3076
803 3076
803 3045
802 3045
802 3021
803 3021

809 909
923 909
923 910
1292 910
1292 911
1438 911
1438 910
1479 910
1479 911
1113 911
1113 910
808 910
809 910

804 2971
1473 2971
1440 2971
1440 2972
1144 2972
1144 2971

786 213
786 3071
775 3071
775 213

858 1460
1476 1460
1476 1509
1477 1509
1477 1546
1476 1546
1476 1594
1475 1594
1475 1653
1476 1653
1476 1797
1477 1797
1477 1825
1475 1825
1475 1882
1474 1882
1474 1949
1477 1949
1477 1977
1475 1977
1475 2171
1473 2171
1473 2230
1474 2230
1474 2306
1373 2306
1373 2362
805 2362
805 2278
806 2278
806 2085
807 2085
807 2025
806 2025
806 1988
807 1988
807 1882
805 1882
805 1854
808 1854
808 1786
807 1786
807 1701
808 1701
808 1594
807 1594
807 1557
808 1557
808 1517
858 1517

1450 2857
1474 2857
1474 2880
1450 2880

2155 68
2286 68
2286 94
2155 94

808 210
808 248
1480 248
1480 210

