247 96
842 96
842 142
844 142
844 205
850 205
850 217
848 217
848 267
841 267
841 327
842 327
842 355
548 355
548 408
198 408
198 355
195 355
195 281
197 281
197 235
198 235
198 178
197 178
197 143
247 143

898 97
1538 97
1538 124
1482 124
1482 179
897 179
897 143
898 143

946 189
1538 189
1538 235
1540 235
1540 304
1545 304
1545 328
1546 328
1546 363
1544 363
1544 420
1546 420
1546 438
1537 438
1537 493
1536 493
1536 573
1545 573
1545 575
1537 575
1537 728
1084 728
1084 776
896 776
896 741
897 741
897 592
896 592
896 546
893 546
893 521
897 521
897 420
898 420
898 355
895 355
895 338
898 338
898 270
896 270
896 236
946 236

1591 97
2230 97
2230 160
2239 160
2239 163
2232 163
2232 298
2239 298
2239 301
2231 301
2231 374
2232 374
2232 420
2233 420
2233 468
2240 468
2240 547
2239 547
2239 593
2230 593
2230 637
2229 637
2229 699
2232 699
2232 776
2230 776
2230 815
2198 815
2198 869
1589 869
1589 844
1592 844
1592 695
1593 695
1593 637
1592 637
1592 593
1591 593
1591 557
1593 557
1593 500
1592 500
1592 446
1589 446
1589 422
1593 422
1593 317
1592 317
1592 235
1594 235
1594 179
1593 179
1593 132
1591 132

221 465
841 465
841 527
850 527
850 529
842 529
842 591
841 591
841 648
842 648
842 694
843 694
843 787
844 787
844 814
841 814
841 867
840 867
840 971
841 971
841 1080
848 1080
848 1082
842 1082
842 1171
848 1171
848 1173
840 1173
840 1235
487 1235
487 1282
196 1282
196 1236
195 1236
195 1201
196 1201
196 1091
195 1091
195 1063
196 1063
196 999
193 999
193 915
191 915
191 881
197 881
197 776
196 776
196 694
197 694
197 630
194 630
194 613
220 613
220 557
221 557

945 788
1545 788
1545 805
1539 805
1539 868
1538 868
1538 915
1536 915
1536 988
1544 988
1544 1007
1413 1007
1413 1053
896 1053
896 1018
897 1018
897 915
896 915
896 834
945 834

945 1064
1541 1064
1541 1090
1536 1090
1536 1201
1538 1201
1538 1236
1155 1236
1155 1280
892 1280
892 1257
895 1257
895 1112
945 1112

1641 880
2229 880
2229 937
2232 937
2232 989
2238 989
2238 1037
2232 1037
2232 1099
2230 1099
2230 1190
2228 1190
2228 1247
2229 1247
2229 1294
2230 1294
2230 1328
2229 1328
2229 1386
2230 1386
2230 1421
2229 1421
2229 1478
2230 1478
2230 1525
2231 1525
2231 1560
2098 1560
2098 1605
1590 1605
1590 1570
1591 1570
1591 1506
1590 1506
1590 1478
1591 1478
1591 1413
1586 1413
1586 1388
1590 1388
1590 1340
1592 1340
1592 1282
1591 1282
1591 1190
1590 1190
1590 1110
1591 1110
1591 1018
1592 1018
1592 962
1591 962
1591 926
1641 926

1639 1616
2231 1616
2231 1651
2230 1651
2230 1724
2237 1724
2237 1727
2234 1727
2234 1781
2229 1781
2229 1862
2237 1862
2237 1865
2231 1865
2231 1962
2234 1962
2234 1985
2236 1985
2236 2050
2230 2050
2230 2146
2234 2146
2234 2169
2236 2169
2236 2203
2235 2203
2235 2233
2227 2233
2227 2295
1847 2295
1847 2341
1590 2341
1590 2295
1588 2295
1588 2260
1589 2260
1589 2214
1590 2214
1590 2112
1589 2112
1589 2017
1588 2017
1588 1987
1591 1987
1591 1928
1589 1928
1589 1892
1590 1892
1590 1835
1589 1835
1589 1799
1590 1799
1590 1743
1589 1743
1589 1708
1590 1708
1590 1662
1639 1662

193 1344
1538 1344
1538 1370
193 1370

195 1396
1427 1396
1427 1438
1397 1438
1397 1498
1352 1498
1352 1557
1047 1557
1047 1615
194 1615
194 1573
198 1573
198 1438
195 1438

244 1753
846 1753
846 1799
847 1799
847 1818
839 1818
839 1880
838 1880
838 1938
844 1938
844 1965
838 1965
838 2047
847 2047
847 2049
838 2049
838 2123
841 2123
841 2149
838 2149
838 2203
837 2203
837 2264
841 2264
841 2295
839 2295
839 2351
840 2351
840 2379
818 2379
818 2433
195 2433
195 2387
193 2387
193 2340
192 2340
192 2305
194 2305
194 2157
192 2157
192 2122
194 2122
194 1873
191 1873
191 1856
195 1856
195 1801
244 1801

944 1753
1543 1753
1543 1771
1534 1771
1534 1845
1535 1845
1535 1881
1534 1881
1534 1973
1533 1973
1533 2034
1536 2034
1536 2058
1533 2058
1533 2145
1540 2145
1540 2168
1542 2168
1542 2186
1533 2186
1533 2260
1535 2260
1535 2322
1542 2322
1542 2352
1544 2352
1544 2370
1534 2370
1534 2445
1535 2445
1535 2553
1542 2553
1542 2569
1283 2569
1283 2618
893 2618
893 2526
891 2526
891 2501
894 2501
894 2292
893 2292
893 2203
892 2203
892 2171
895 2171
895 2065
894 2065
894 1938
895 1938
895 1881
894 1881
894 1827
891 1827
891 1800
944 1800

244 2444
839 2444
839 2536
840 2536
840 2571
838 2571
838 2652
845 2652
845 2662
839 2662
839 2710
837 2710
837 2782
846 2782
846 2785
837 2785
837 2858
838 2858
838 2927
845 2927
845 2939
193 2939
193 2892
191 2892
191 2868
194 2868
194 2801
193 2801
193 2765
195 2765
195 2710
193 2710
193 2675
195 2675
195 2611
191 2611
191 2593
194 2593
194 2524
189 2524
189 2493
244 2493

883 2672
983 2672
983 2792
883 2792

988 2675
1533 2675
1533 2736
1541 2736
1541 2739
1532 2739
1532 2812
1533 2812
1533 2926
1538 2926
1538 2939
893 2939
893 2813
989 2813
989 2749
988 2749

1638 2352
2230 2352
2230 2380
2227 2380
2227 2455
2230 2455
2230 2480
2229 2480
2229 2553
2235 2553
2235 2556
2226 2556
2226 2630
2227 2630
2227 2699
2233 2699
2233 2710
2232 2710
2232 2783
2235 2783
2235 2785
2226 2785
2226 2893
1863 2893
1863 2939
1588 2939
1588 2814
1589 2814
1589 2755
1588 2755
1588 2583
1590 2583
1590 2518
1584 2518
1584 2493
1589 2493
1589 2434
1588 2434
1588 2400
1638 2400

265 2984
810 2984
810 3003
265 3003

1910 2984
2226 2984
2226 3000
1910 3000

196 2981
237 2981
237 3006
196 3006

201 461
205 461
205 582
201 582

193 1639
193 1665
1540 1665
1540 1639

