249 261
1158 261
1158 359
1157 359
1157 418
1159 418
1159 620
1157 620
1157 665
809 665
809 724
201 724
201 679
202 679
202 464
201 464
201 418
202 418
202 328
249 328

252 730
1165 730
1165 764
1158 764
1158 933
1157 933
1157 992
1159 992
1159 1038
204 1038
204 933
202 933
202 829
200 829
200 797
252 797

1212 261
2168 261
2168 308
1979 308
1979 348
1212 348

1260 366
2168 366
2168 419
2175 419
2175 452
2167 452
2167 523
2169 523
2169 662
1909 662
1909 714
1212 714
1212 672
1210 672
1210 627
1212 627
1212 569
1210 569
1210 523
1212 523
1212 418
1260 418

1261 731
2169 731
2169 777
2168 777
2168 836
2169 836
2169 888
2170 888
2170 987
2169 987
2169 1044
2170 1044
2170 1097
2171 1097
2171 1143
2169 1143
2169 1194
1668 1194
1668 1246
1464 1246
1464 1091
1463 1091
1463 1026
1213 1026
1213 935
1212 935
1212 783
1261 783

1514 1253
2177 1253
2177 1287
2170 1287
2170 1461
2172 1461
2172 1495
2039 1495
2039 1559
1465 1559
1465 1507
1464 1507
1464 1403
1463 1403
1463 1357
1464 1357
1464 1305
1514 1305

204 1616
1160 1616
1160 1924
676 1924
676 1976
205 1976
205 1819
204 1819

1515 1565
2171 1565
2171 1721
2172 1721
2172 1825
2174 1825
2174 1871
2171 1871
2171 1929
2172 1929
2172 1982
2173 1982
2173 2027
2171 2027
2171 2137
2178 2137
2178 2183
1518 2183
1518 2235
1215 2235
1215 1767
1214 1767
1214 1721
1215 1721
1215 1617
1515 1617

255 1984
1163 1984
1163 2027
1162 2027
1162 2079
1160 2079
1160 2137
1161 2137
1161 2711
1163 2711
1163 2809
1162 2809
1162 2919
1163 2919
1163 3023
1165 3023
1165 3070
208 3070
208 2966
207 2966
207 2914
206 2914
206 2653
204 2653
204 2606
205 2606
205 2497
204 2497
204 2451
205 2451
205 2242
207 2242
207 2183
205 2183
205 2131
204 2131
204 2085
205 2085
205 2034
255 2034

1264 2241
2173 2241
2173 2287
2171 2287
2171 2328
1987 2328
1987 2391
1215 2391
1215 2308
1264 2308

1999 2346
2030 2346
2030 2347
2031 2347
2031 2379
1999 2379

1215 2490
2051 2490
2051 2544
2079 2544
2079 2576
2161 2576
2161 2609
1278 2609
1278 2641
1215 2641
1215 2618
1216 2618
1216 2567
1215 2567

1216 2827
2174 2827
2174 2853
2173 2853
2173 2927
2174 2927
2174 2947
1906 2947
1906 2986
1217 2986
1217 2919
1215 2919
1215 2861
1216 2861

296 3157
1002 3157
1002 3180
296 3180

210 3149
253 3149
253 3174
210 3174

1214 2462
2174 2462
2173 2462
2173 2463
2080 2463
2080 2462

1222 2799
1767 2799
1767 2800
2174 2800
1214 2800
1222 2800

1216 2999
1568 2999
1568 3000
2175 3000
2175 3001
2155 3001
2155 3000
1216 3000

96 1144
1228 1144
1228 1224
1410 1224
1410 1260
1359 1260
1359 1412
1372 1412
1372 1428
663 1428
663 1499
89 1499
89 1462
90 1462
90 1383
91 1383
91 1270
89 1270
89 1226
96 1226

1212 2658
2166 2658
2166 2684
2140 2684
2140 2726
2131 2726
2131 2772
1215 2772
1215 2692
1212 2692

1627 3035
1627 3037
1664 3037
1664 3038
1681 3038
1681 3039
1682 3039
1682 3041
1683 3041
1683 3043
1684 3043
1684 3049
1683 3049
1683 3051
1682 3051
1682 3053
1681 3053
1681 3054
1664 3054
1664 3055
1628 3055
1628 3057
1628 3056
1626 3056
1626 3055
1470 3055
1470 3054
1296 3054
1296 3055
1295 3055
1295 3054
1224 3054
1224 3053
1222 3053
1222 3052
1221 3052
1221 3051
1220 3051
1220 3050
1219 3050
1219 3047
1218 3047
1218 3044
1219 3044
1219 3041
1220 3041
1220 3040
1221 3040
1221 3039
1222 3039
1222 3038
1224 3038
1224 3037
1627 3037

