1585 279
1585 351
807 351
807 279

766 616
766 649
290 649
290 616

788 658
788 691
267 691
267 658

771 2118
771 2143
290 2143
290 2118

841 2246
841 2694
219 2694
219 2246

690 2744
690 2777
375 2777
375 2744

842 2872
842 3027
220 3027
220 2872

1361 1452
1361 1485
1045 1485
1045 1452

1471 1493
1471 1527
935 1527
935 1493

2060 3146
2060 3168
1356 3168
1356 3146

2190 3137
2190 3162
2128 3162
2128 3137

2158 1410
2158 1443
1597 1443
1597 1410

2191 1579
2191 2609
1566 2609
1566 1579

216 451
837 451
837 524
585 524
585 559
217 559
217 524
215 524
215 493
216 493

217 702
837 702
837 786
838 786
838 816
837 816
837 869
838 869
838 900
837 900
837 1025
677 1025
677 1066
216 1066
216 1025
215 1025
215 995
216 995
216 912
217 912
217 859
216 859
216 786
217 786

251 1078
837 1078
837 1233
836 1233
836 1286
837 1286
837 1413
838 1413
838 1477
754 1477
754 1525
217 1525
217 1484
216 1484
216 1453
218 1453
218 1401
217 1401
217 1275
216 1275
216 1245
217 1245
217 1192
216 1192
216 1161
217 1161
217 1129
251 1129

254 1537
838 1537
838 1578
839 1578
839 1610
838 1610
838 1662
839 1662
839 1996
840 1996
840 2027
673 2027
673 2068
218 2068
218 2037
219 2037
219 1943
218 1943
218 1912
219 1912
219 1817
218 1817
218 1776
217 1776
217 1746
218 1746
218 1650
217 1650
217 1620
218 1620
218 1588
254 1588

254 2160
807 2160
807 2193
584 2193
584 2227
475 2227
475 2193
254 2193

266 2785
797 2785
797 2819
618 2819
618 2861
448 2861
448 2811
266 2811

891 1538
1513 1538
1513 1662
1514 1662
1514 1735
1513 1735
1513 1787
1515 1787
1515 1818
1513 1818
1513 1871
1514 1871
1514 1901
1513 1901
1513 1955
1514 1955
1514 1996
1515 1996
1515 2026
1514 2026
1514 2121
1519 2121
1519 2143
1514 2143
1514 2247
1515 2247
1515 2353
1513 2353
1513 2401
1335 2401
1335 2443
894 2443
894 2371
895 2371
895 2318
894 2318
894 2234
893 2234
893 2204
894 2204
894 2151
893 2151
893 2121
894 2121
894 2068
893 2068
893 2026
892 2026
892 1996
893 1996
893 1955
894 1955
894 1901
893 1901
893 1818
892 1818
892 1787
893 1787
893 1651
892 1651
892 1568
891 1568

1617 1452
2139 1452
2139 1499
2171 1499
2171 1519
2097 1519
2097 1568
1659 1568
1659 1519
1586 1519
1586 1494
1617 1494

1565 453
2186 453
2186 661
2187 661
2187 901
2185 901
2185 954
2186 954
2186 978
2185 978
2185 1037
2186 1037
2186 1121
2187 1121
2187 1318
1903 1318
1903 1360
1566 1360
1566 1234
1565 1234
1565 1151
1564 1151
1564 1121
1565 1121
1565 913
1566 913
1566 859
1564 859
1564 829
1566 829
1566 776
1564 776
1564 746
1565 746
1565 525
1564 525
1564 495
1565 495

1511 453
1511 559
1448 559
1448 608
890 608
890 453

1511 620
1511 703
1512 703
1512 775
1511 775
1511 870
1512 870
1512 898
1511 898
1511 954
1512 954
1512 984
1511 984
1511 1151
1510 1151
1510 1204
1512 1204
1512 1360
1084 1360
1084 1401
892 1401
892 1360
891 1360
891 1329
892 1329
892 1273
891 1273
891 1193
890 1193
890 996
891 996
891 940
890 940
890 912
891 912
891 859
890 859
890 828
891 828
891 661
926 661
926 620

1515 2454
1515 2538
1516 2538
1516 2568
1515 2568
1515 2621
1516 2621
1516 2651
1515 2651
1515 2705
1516 2705
1516 2830
1517 2830
1517 2861
1516 2861
1516 2902
1515 2902
1515 2986
1514 2986
1514 3027
895 3027
895 2955
896 2955
896 2902
895 2902
895 2789
896 2789
896 2735
895 2735
895 2694
894 2694
894 2664
895 2664
895 2568
894 2568
894 2497
929 2497
929 2454

2191 2621
2191 2651
2190 2651
2190 2704
2191 2704
2191 2872
2192 2872
2192 2902
2191 2902
2191 3027
1569 3027
1569 2912
1570 2912
1570 2860
1569 2860
1569 2829
1570 2829
1570 2734
1569 2734
1569 2673
1605 2673
1605 2621

