161 252
1125 252
1125 350
697 350
697 403
161 403

208 409
1125 409
1125 456
1124 456
1124 559
1123 559
1123 611
1122 611
1122 683
1125 683
1125 715
1124 715
1124 819
1122 819
1122 878
1124 878
1124 923
978 923
978 978
160 978
160 924
159 924
159 878
160 878
160 819
159 819
159 773
160 773
160 715
159 715
159 669
160 669
160 476
208 476

208 985
1124 985
1124 1018
1123 1018
1123 1140
1124 1140
1124 1186
159 1186
159 1037
208 1037

1179 252
2150 252
2150 402
1622 402
1622 456
1179 456
1179 351
1178 351
1178 304
1179 304

1229 462
2150 462
2150 508
2149 508
2149 581
2152 581
2152 611
2151 611
2151 663
2149 663
2149 721
2150 721
2150 819
2149 819
2149 872
1839 872
1839 924
1178 924
1178 878
1179 878
1179 819
1178 819
1178 669
1179 669
1179 514
1229 514

1229 931
2148 931
2148 984
2150 984
2150 1186
1177 1186
1177 1134
1175 1134
1175 1090
1179 1090
1179 1030
1177 1030
1177 984
1229 984

297 1260
2003 1260
2003 1358
2088 1358
2088 1438
2061 1438
2061 1613
2126 1613
2126 1670
173 1670
173 1576
237 1576
237 1437
212 1437
212 1362
297 1362

158 1766
1129 1766
1129 1799
1122 1799
1122 1923
1123 1923
1123 1969
674 1969
674 2021
158 2021

1177 1767
2149 1767
2149 1864
2095 1864
2095 1917
1177 1917

1175 1979
1792 1979
1792 2009
1175 2009

156 2084
751 2084
751 2114
156 2114

156 2133
1123 2133
1123 2179
1121 2179
1121 2223
1079 2223
1079 2275
179 2275
179 2219
158 2219
158 2179
156 2179

208 2289
1122 2289
1122 2387
1120 2387
1120 2445
1122 2445
1122 2497
1124 2497
1124 2543
1056 2543
1056 2595
158 2595
158 2543
157 2543
157 2445
158 2445
158 2387
157 2387
157 2355
208 2355

208 2602
1121 2602
1121 2654
1122 2654
1122 2700
1121 2700
1121 2753
305 2753
305 2793
157 2793
157 2707
158 2707
158 2669
208 2669

207 2811
1128 2811
1128 2844
1123 2844
1123 2960
1121 2960
1121 3019
1122 3019
1122 3053
157 3053
157 2960
156 2960
156 2915
157 2915
157 2877
207 2877

1177 2027
2149 2027
2149 2080
2156 2080
2156 2114
2149 2114
2149 2167
2147 2167
2147 2237
2149 2237
2149 2341
2150 2341
2150 2387
2149 2387
2149 2439
2148 2439
2148 2549
2149 2549
2149 2596
2147 2596
2147 2655
2148 2655
2148 2689
2042 2689
2042 2753
1176 2753
1176 2549
1177 2549
1177 2491
1176 2491
1176 2393
1177 2393
1177 2283
1176 2283
1176 2133
1177 2133

1226 2759
2147 2759
2147 2863
2148 2863
2148 3013
2147 3013
2147 3053
1176 3053
1176 2856
1174 2856
1174 2823
1226 2823

1373 3153
2048 3153
2048 3175
1373 3175

2094 3145
2139 3145
2139 3170
2094 3170

