440 1522
440 1763
346 1763
346 1522

1790 2972
1790 3027
548 3027
548 2972

2051 3164
2051 3187
1352 3187
1352 3164

2143 3156
2143 3181
2101 3181
2101 3156

452 1520
1145 1520
1145 1929
1123 1929
1123 1930
1022 1930
1022 1983
344 1983
344 1780
452 1780

1173 2932
1173 1525
1166 1525
1166 2932

2000 2933
345 2933
345 2943
2000 2943

573 759
1748 759
1748 1042
1916 1042
1916 1272
406 1272
406 1008
573 1008

347 1322
1964 1322
1964 1365
1902 1365
1902 1451
409 1451
409 1365
347 1365

396 1988
1143 1988
1143 2040
1145 2040
1145 2086
1144 2086
1144 2191
1143 2191
1143 2249
1144 2249
1144 2283
804 2283
804 2342
347 2342
347 2295
346 2295
346 2043
396 2043

397 2353
1143 2353
1143 2405
1145 2405
1145 2458
1146 2458
1146 2504
1145 2504
1145 2555
1144 2555
1144 2614
1145 2614
1145 2718
1146 2718
1146 2869
1145 2869
1145 2920
347 2920
347 2875
348 2875
348 2817
347 2817
347 2561
348 2561
348 2504
347 2504
347 2458
349 2458
349 2405
397 2405

1249 2561
1997 2561
1997 2666
1999 2666
1999 2701
1995 2701
1995 2785
1998 2785
1998 2822
2000 2822
2000 2868
1999 2868
1999 2920
1200 2920
1200 2764
1199 2764
1199 2666
1200 2666
1200 2616
1249 2616

1249 2249
1997 2249
1997 2295
1996 2295
1996 2406
1998 2406
1998 2452
1996 2452
1996 2504
1774 2504
1774 2555
1198 2555
1198 2406
1199 2406
1199 2347
1198 2347
1198 2301
1249 2301

1196 1520
1996 1520
1996 1624
1997 1624
1997 1670
1348 1670
1348 1716
1197 1716
1197 1566
1196 1566

1248 1729
1998 1729
1998 1774
1996 1774
1996 1832
2003 1832
2003 1867
1924 1867
1924 1951
1996 1951
1996 2093
1997 2093
1997 2145
1998 2145
1998 2191
1435 2191
1435 2231
1198 2231
1198 2087
1197 2087
1197 2041
1198 2041
1198 2003
1249 2003
1249 1919
1198 1919
1198 1867
1197 1867
1197 1832
1198 1832
1198 1782
1248 1782

2278 2940
2279 2940
2279 2941
2280 2941
2280 2944
2279 2944
2279 2945
2267 2945
2267 2947
2266 2947
2266 2949
2265 2949
2265 2948
2264 2948
2264 2947
2263 2947
2264 2947
2264 2945
2266 2945
2266 2944
2274 2944
2274 2943
2276 2943
2276 2942
2277 2942
2277 2941
2278 2941

